Date	Value
29.81	29.81
13.16	13.16
4.42	4.42
3.27	3.27
3.42	3.42
3.63	3.63
4.45	4.45
3.12	3.12
5.88	5.88
10.34	10.34
3.25	3.25
2.77	2.77
3.41	3.41
5.64	5.64
17.64	17.64
3.50	3.50
16.07	16.07
15.03	15.03
4.96	4.96
18.12	18.12
8.48	8.48
13.93	13.93
11.29	11.29
27.28	27.28
10.50	10.50
36.91	36.91
10.17	10.17
32.80	32.80
9.47	9.47
9.52	9.52
7.31	7.31
6.91	6.91
13.74	13.74
8.64	8.64
15.44	15.44
7.06	7.06
14.08	14.08
6.60	6.60
6.47	6.47
16.36	16.36
6.40	6.40
8.64	8.64
12.88	12.88
7.06	7.06
16.31	16.31
6.45	6.45
16.81	16.81
5.53	5.53
16.33	16.33
3.97	3.97
11.05	11.05
4.16	4.16
8.37	8.37
8.98	8.98
3.79	3.79
4.95	4.95
3.97	3.97
3.35	3.35
4.16	4.16
4.04	4.04
3.73	3.73
7.97	7.97
14.93	14.93
3.76	3.76
6.18	6.18
3.36	3.36
4.74	4.74
3.96	3.96
7.56	7.56
4.77	4.77
13.85	13.85
8.32	8.32
6.18	6.18
19.92	19.92
18.63	18.63
4.66	4.66
4.76	4.76
17.96	17.96
8.02	8.02
18.69	18.69
10.70	10.70
15.27	15.27
9.56	9.56
15.04	15.04
9.47	9.47
22.03	22.03
16.89	16.89
17.95	17.95
7.05	7.05
19.54	19.54
6.54	6.54
12.82	12.82
7.80	7.80
11.28	11.28
7.19	7.19
17.92	17.92
18.54	18.54
7.65	7.65
12.37	12.37
5.73	5.73
7.79	7.79
5.05	5.05
7.19	7.19
3.76	3.76
4.28	4.28
7.03	7.03
3.83	3.83
5.73	5.73
6.85	6.85
5.06	5.06
9.89	9.89
3.76	3.76
4.27	4.27
9.16	9.16
3.84	3.84
7.95	7.95
6.99	6.99
6.85	6.85
10.45	10.45
9.21	9.21
9.92	9.92
9.19	9.19
16.05	16.05
7.97	7.97
18.52	18.52
9.86	9.86
6.99	6.99
10.45	10.45
7.21	7.21
5.92	5.92
16.05	16.05
13.64	13.64
18.53	18.53
14.47	14.47
9.78	9.78
7.21	7.21
6.78	6.78
6.43	6.43
5.93	5.93
13.62	13.62
6.75	6.75
14.50	14.50
4.92	4.92
6.79	6.79
10.17	10.17
6.43	6.43
4.54	4.54
7.04	7.04
7.97	7.97
4.75	4.75
37.76	37.76
4.08	4.08
32.96	32.96
8.62	8.62
6.96	6.96
12.80	12.80
6.88	6.88
5.99	5.99
13.78	13.78
11.61	11.61
6.40	6.40
13.06	13.06
5.87	5.87
6.39	6.39
5.85	5.85
6.31	6.31
11.69	11.69
10.32	10.32
6.37	6.37
12.60	12.60
12.43	12.43
9.38	9.38
6.38	6.38
8.62	8.62
6.30	6.30
10.30	10.30
6.96	6.96
12.54	12.54
6.03	6.03
3.60	3.60
12.42	12.42
8.61	8.61
4.14	4.14
6.99	6.99
15.88	15.88
6.06	6.06
11.59	11.59
3.60	3.60
16.22	16.22
4.13	4.13
28.37	28.37
16.00	16.00
4.75	4.75
3.57	3.57
11.61	11.61
10.18	10.18
4.13	4.13
11.37	11.37
3.25	3.25
5.27	5.27
3.73	3.73
3.55	3.55
3.17	3.17
4.13	4.13
4.58	4.58
3.24	3.24
6.30	6.30
10.06	10.06
5.27	5.27
6.45	6.45
3.17	3.17
5.75	5.75
4.61	4.61
5.39	5.39
6.30	6.30
10.06	10.06
11.89	11.89
12.69	12.69
6.42	6.42
13.88	13.88
5.79	5.79
6.61	6.61
9.48	9.48
5.39	5.39
11.87	11.87
8.28	8.28
5.45	5.45
12.69	12.69
9.74	9.74
13.90	13.90
15.05	15.05
9.38	9.38
8.39	8.39
9.41	9.41
5.45	5.45
6.19	6.19
6.65	6.65
9.80	9.80
5.94	5.94
15.02	15.02
5.85	5.85
9.39	9.39
6.19	6.19
4.80	4.80
5.77	5.77
20.30	20.30
5.95	5.95
4.56	4.56
4.82	4.82
6.09	6.09
10.44	10.44
4.32	4.32
8.56	8.56
19.33	19.33
6.43	6.43
3.57	3.57
10.71	10.71
4.18	4.18
5.73	5.73
6.86	6.86
5.41	5.41
7.92	7.92
6.43	6.43
5.64	5.64
10.72	10.72
11.42	11.42
6.86	6.86
13.08	13.08
12.61	12.61
5.40	5.40
5.63	5.63
11.45	11.45
8.77	8.77
11.38	11.38
9.07	9.07
13.09	13.09
6.63	6.63
12.63	12.63
10.95	10.95
14.92	14.92
11.43	11.43
9.08	9.08
10.67	10.67
7.90	7.90
10.95	10.95
8.30	8.30
7.22	7.22
4.37	4.37
14.92	14.92
6.49	6.49
10.65	10.65
11.49	11.49
7.90	7.90
6.40	6.40
6.22	6.22
3.07	3.07
4.85	4.85
2.82	2.82
5.23	5.23
3.40	3.40
4.32	4.32
3.50	3.50
7.38	7.38
3.08	3.08
14.30	14.30
2.82	2.82
8.92	8.92
3.41	3.41
8.36	8.36
7.37	7.37
8.61	8.61
14.27	14.27
10.83	10.83
8.90	8.90
11.08	11.08
16.15	16.15
17.44	17.44
8.37	8.37
4.92	4.92
12.77	12.77
8.63	8.63
10.80	10.80
13.43	13.43
16.10	16.10
7.02	7.02
17.44	17.44
13.64	13.64
12.77	12.77
15.56	15.56
4.50	4.50
7.75	7.75
13.43	13.43
4.97	4.97
7.01	7.01
9.34	9.34
2.48	2.48
13.64	13.64
15.51	15.51
27.18	27.18
14.25	14.25
7.73	7.73
4.98	4.98
7.10	7.10
13.29	13.29
6.90	6.90
11.14	11.14
4.16	4.16
2.77	2.77
6.76	6.76
2.38	2.38
2.60	2.60
5.14	5.14
3.29	3.29
6.94	6.94
7.89	7.89
4.15	4.15
2.76	2.76
13.34	13.34
2.61	2.61
16.00	16.00
3.29	3.29
25.74	25.74
6.74	6.74
9.03	9.03
11.70	11.70
12.51	12.51
20.05	20.05
8.63	8.63
13.00	13.00
11.08	11.08
9.03	9.03
8.26	8.26
7.83	7.83
11.66	11.66
5.42	5.42
14.82	14.82
12.27	12.27
3.11	3.11
4.15	4.15
7.62	7.62
15.60	15.60
5.35	5.35
12.34	12.34
7.23	7.23
3.06	3.06
5.66	5.66
4.15	4.15
4.46	4.46
15.62	15.62
4.19	4.19
12.34	12.34
5.03	5.03
7.22	7.22
4.17	4.17
5.65	5.65
4.46	4.46
3.55	3.55
3.54	3.54
4.18	4.18
3.20	3.20
5.03	5.03
4.09	4.09
4.17	4.17
4.62	4.62
3.57	3.57
3.72	3.72
3.18	3.18
3.66	3.66
7.31	7.31
4.07	4.07
11.16	11.16
4.65	4.65
3.67	3.67
13.38	13.38
3.14	3.14
15.66	15.66
14.14	14.14
6.66	6.66
8.01	8.01
11.22	11.22
32.04	32.04
12.90	12.90
13.21	13.21
8.68	8.68
13.01	13.01
7.54	7.54
6.41	6.41
9.20	9.20
17.36	17.36
16.16	16.16
8.66	8.66
24.78	24.78
24.18	24.18
6.93	6.93
5.89	5.89
6.14	6.14
15.19	15.19
4.81	4.81
4.71	4.71
14.63	14.63
12.05	12.05
5.19	5.19
3.86	3.86
5.09	5.09
5.85	5.85
4.81	4.81
3.42	3.42
3.78	3.78
4.25	4.25
4.71	4.71
3.79	3.79
5.18	5.18
5.50	5.50
3.86	3.86
3.78	3.78
11.19	11.19
3.32	3.32
4.24	4.24
6.46	6.46
3.81	3.81
6.19	6.19
6.05	6.05
5.45	5.45
11.19	11.19
10.39	10.39
15.19	15.19
6.45	6.45
14.53	14.53
6.19	6.19
6.08	6.08
8.55	8.55
10.38	10.38
7.28	7.28
6.46	6.46
15.23	15.23
14.52	14.52
12.40	12.40
15.59	15.59
8.54	8.54
10.10	10.10
7.29	7.29
5.96	5.96
6.45	6.45
12.43	12.43
6.68	6.68
15.58	15.58
4.88	4.88
4.96	4.96
10.07	10.07
5.97	5.97
4.06	4.06
22.82	22.82
4.78	4.78
4.94	4.94
14.91	14.91
2.87	2.87
4.95	4.95
2.96	2.96
3.41	3.41
4.02	4.02
9.52	9.52
3.24	3.24
6.59	6.59
6.59	6.59
2.93	2.93
8.69	8.69
7.22	7.22
3.42	3.42
6.77	6.77
3.20	3.20
6.61	6.61
6.43	6.43
8.68	8.68
11.16	11.16
7.22	7.22
14.76	14.76
15.00	15.00
6.74	6.74
9.56	9.56
6.45	6.45
11.12	11.12
7.24	7.24
14.74	14.74
6.61	6.61
3.80	3.80
15.02	15.02
9.52	9.52
5.34	5.34
18.42	18.42
7.23	7.23
10.81	10.81
6.61	6.61
6.91	6.91
3.81	3.81
5.33	5.33
11.21	11.21
18.41	18.41
4.43	4.43
10.82	10.82
3.57	3.57
5.32	5.32
14.26	14.26
3.11	3.11
6.13	6.13
5.63	5.63
4.13	4.13
5.91	5.91
3.55	3.55
10.19	10.19
6.98	6.98
6.45	6.45
3.11	3.11
11.82	11.82
5.29	5.29
4.06	4.06
7.19	7.19
6.89	6.89
5.04	5.04
5.75	5.75
6.52	6.52
9.00	9.00
12.05	12.05
11.80	11.80
7.22	7.22
15.52	15.52
6.88	6.88
11.97	11.97
5.76	5.76
6.81	6.81
6.09	6.09
12.03	12.03
5.47	5.47
15.53	15.53
4.81	4.81
11.99	11.99
5.10	5.10
6.82	6.82
6.09	6.09
17.18	17.18
5.46	5.46
12.15	12.15
4.77	4.77
10.15	10.15
7.09	7.09
5.12	5.12
17.10	17.10
2.62	2.62
4.31	4.31
7.94	7.94
12.16	12.16
8.33	8.33
23.36	23.36
4.64	4.64
6.04	6.04
4.16	4.16
5.45	5.45
13.77	13.77
5.33	5.33
9.77	9.77
20.43	20.43
4.64	4.64
5.87	5.87
10.68	10.68
6.67	6.67
7.26	7.26
8.23	8.23
6.29	6.29
5.86	5.86
10.68	10.68
10.78	10.78
6.69	6.69
13.56	13.56
13.88	13.88
6.56	6.56
8.65	8.65
6.29	6.29
10.74	10.74
7.05	7.05
13.55	13.55
4.72	4.72
13.87	13.87
8.66	8.66
3.60	3.60
15.57	15.57
7.04	7.04
10.19	10.19
4.43	4.43
15.78	15.78
4.72	4.72
3.60	3.60
15.28	15.28
3.83	3.83
15.54	15.54
3.98	3.98
9.20	9.20
9.25	9.25
4.53	4.53
8.72	8.72
8.17	8.17
7.74	7.74
3.57	3.57
12.99	12.99
3.84	3.84
3.98	3.98
4.51	4.51
4.09	4.09
6.09	6.09
6.16	6.16
11.04	11.04
6.35	6.35
7.45	7.45
6.07	6.07
4.04	4.04
7.05	7.05
6.29	6.29
6.09	6.09
11.01	11.01
10.14	10.14
7.47	7.47
13.47	13.47
15.11	15.11
7.04	7.04
6.11	6.11
5.58	5.58
9.77	9.77
8.68	8.68
10.12	10.12
9.56	9.56
13.50	13.50
6.06	6.06
14.79	14.79
15.11	15.11
9.78	9.78
15.69	15.69
9.59	9.59
7.82	7.82
6.06	6.06
6.30	6.30
14.80	14.80
8.14	8.14
5.62	5.62
15.71	15.71
5.39	5.39
7.84	7.84
6.32	6.32
7.16	7.16
22.10	22.10
6.90	6.90
5.61	5.61
3.39	3.39
3.46	3.46
4.86	4.86
4.69	4.69
5.23	5.23
9.53	9.53
9.81	9.81
3.42	3.42
20.58	20.58
11.96	11.96
3.43	3.43
4.16	4.16
12.85	12.85
14.90	14.90
5.41	5.41
10.54	10.54
7.32	7.32
11.03	11.03
18.46	18.46
9.88	9.88
16.34	16.34
12.05	12.05
12.70	12.70
9.72	9.72
7.65	7.65
7.90	7.90
7.32	7.32
11.80	11.80
6.15	6.15
14.95	14.95
6.36	6.36
12.70	12.70
4.24	4.24
7.69	7.69
4.97	4.97
6.16	6.16
15.25	15.25
7.64	7.64
6.35	6.35
5.18	5.18
4.23	4.23
8.21	8.21
4.97	4.97
13.93	13.93
15.31	15.31
7.63	7.63
12.90	12.90
4.65	4.65
4.70	4.70
4.41	4.41
5.16	5.16
9.62	9.62
6.54	6.54
3.54	3.54
6.54	6.54
3.74	3.74
4.65	4.65
4.12	4.12
3.32	3.32
3.11	3.11
5.27	5.27
3.10	3.10
3.21	3.21
3.54	3.54
3.70	3.70
3.34	3.34
3.37	3.37
3.12	3.12
10.37	10.37
10.86	10.86
3.10	3.10
8.00	8.00
3.55	3.55
3.36	3.36
3.18	3.18
10.33	10.33
3.14	3.14
10.35	10.35
7.93	7.93
5.94	5.94
7.75	7.75
11.09	11.09
8.65	8.65
3.18	3.18
3.15	3.15
17.81	17.81
5.92	5.92
16.47	16.47
9.31	9.31
10.59	10.59
8.55	8.55
8.40	8.40
5.65	5.65
17.49	17.49
16.41	16.41
7.92	7.92
9.25	9.25
16.64	16.64
6.54	6.54
8.50	8.50
4.71	4.71
5.84	5.84
5.25	5.25
5.69	5.69
3.99	3.99
4.31	4.31
10.99	10.99
8.61	8.61
5.84	5.84
12.27	12.27
4.00	4.00
7.97	7.97
4.31	4.31
8.89	8.89
5.53	5.53
8.61	8.61
12.50	12.50
12.24	12.24
13.45	13.45
7.98	7.98
13.12	13.12
8.89	8.89
5.53	5.53
9.40	9.40
5.50	5.50
12.54	12.54
4.66	4.66
13.46	13.46
13.12	13.12
3.40	3.40
3.88	3.88
9.40	9.40
15.66	15.66
5.45	5.45
4.66	4.66
12.15	12.15
11.94	11.94
3.41	3.41
7.13	7.13
3.87	3.87
10.78	10.78
15.62	15.62
18.72	18.72
12.17	12.17
10.50	10.50
8.51	8.51
6.59	6.59
28.04	28.04
7.69	7.69
3.12	3.12
5.65	5.65
11.54	11.54
10.70	10.70
13.88	13.88
7.58	7.58
12.05	12.05
8.60	8.60
5.40	5.40
11.75	11.75
7.42	7.42
8.93	8.93
7.67	7.67
8.64	8.64
7.26	7.26
8.60	8.60
11.80	11.80
14.95	14.95
8.91	8.91
12.95	12.95
15.51	15.51
8.67	8.67
17.66	17.66
12.17	12.17
7.25	7.25
9.18	9.18
14.93	14.93
8.75	8.75
15.51	15.51
17.65	17.65
4.98	4.98
12.18	12.18
4.64	4.64
4.80	4.80
9.19	9.19
15.38	15.38
17.11	17.11
12.27	12.27
8.75	8.75
10.37	10.37
4.96	4.96
5.75	5.75
4.75	4.75
17.10	17.10
12.27	12.27
13.22	13.22
7.48	7.48
19.92	19.92
5.76	5.76
5.77	5.77
8.67	8.67
4.83	4.83
6.76	6.76
12.91	12.91
6.04	6.04
8.62	8.62
5.75	5.75
8.62	8.62
8.65	8.65
15.80	15.80
8.64	8.64
6.62	6.62
8.39	8.39
6.03	6.03
8.87	8.87
8.51	8.51
15.85	15.85
12.21	12.21
8.58	8.58
15.20	15.20
11.51	11.51
14.32	14.32
8.40	8.40
11.88	11.88
8.87	8.87
12.20	12.20
15.18	15.18
7.17	7.17
14.32	14.32
7.17	7.17
11.89	11.89
18.54	18.54
11.85	11.85
9.74	9.74
7.91	7.91
7.16	7.16
14.37	14.37
7.18	7.18
9.39	9.39
18.54	18.54
11.86	11.86
17.59	17.59
7.91	7.91
23.63	23.63
3.52	3.52
6.45	6.45
10.28	10.28
9.21	9.21
5.89	5.89
8.18	8.18
9.08	9.08
10.27	10.27
16.15	16.15
6.44	6.44
6.94	6.94
5.89	5.89
7.92	7.92
6.50	6.50
12.17	12.17
7.71	7.71
8.31	8.31
6.95	6.95
7.43	7.43
6.42	6.42
7.77	7.77
12.23	12.23
10.83	10.83
12.39	12.39
7.70	7.70
13.76	13.76
16.14	16.14
7.44	7.44
6.47	6.47
10.76	10.76
12.40	12.40
10.47	10.47
13.72	13.72
9.19	9.19
16.15	16.15
6.16	6.16
4.60	4.60
10.73	10.73
10.46	10.46
15.44	15.44
10.69	10.69
9.22	9.22
6.18	6.18
11.88	11.88
4.59	4.59
7.94	7.94
4.58	4.58
15.42	15.42
5.27	5.27
10.71	10.71
9.03	9.03
42.75	42.75
7.83	7.83
41.84	41.84
28.58	28.58
4.46	4.46
4.95	4.95
22.03	22.03
4.85	4.85
15.60	15.60
15.99	15.99
12.32	12.32
11.98	11.98
7.59	7.59
9.70	9.70
4.85	4.85
8.48	8.48
6.77	6.77
7.64	7.64
14.13	14.13
12.26	12.26
15.98	15.98
7.59	7.59
8.50	8.50
16.43	16.43
12.60	12.60
6.74	6.74
14.12	14.12
9.46	9.46
7.74	7.74
16.05	16.05
5.26	5.26
16.38	16.38
4.63	4.63
12.59	12.59
9.46	9.46
17.85	17.85
13.98	13.98
7.74	7.74
8.46	8.46
5.25	5.25
4.63	4.63
11.50	11.50
17.86	17.86
15.27	15.27
13.93	13.93
40.98	40.98
8.12	8.12
59.24	59.24
3.71	3.71
57.69	57.69
6.59	6.59
7.67	7.67
25.17	25.17
30.80	30.80
4.92	4.92
14.55	14.55
19.12	19.12
49.57	49.57
61.62	61.62
19.06	19.06
10.79	10.79
59.92	59.92
12.74	12.74
12.08	12.08
8.85	8.85
17.40	17.40
9.47	9.47
18.57	18.57
14.75	14.75
18.57	18.57
17.25	17.25
8.77	8.77
8.44	8.44
21.13	21.13
8.86	8.86
23.89	23.89
9.40	9.40
14.60	14.60
12.39	12.39
7.66	7.66
15.33	15.33
5.95	5.95
5.91	5.91
14.93	14.93
10.84	10.84
12.70	12.70
16.00	16.00
7.47	7.47
18.85	18.85
8.19	8.19
5.94	5.94
5.92	5.92
23.98	23.98
10.77	10.77
6.95	6.95
7.66	7.66
15.50	15.50
5.35	5.35
13.65	13.65
5.35	5.35
12.42	12.42
5.06	5.06
4.15	4.15
5.07	5.07
4.53	4.53
6.98	6.98
4.54	4.54
4.52	4.52
3.75	3.75
3.74	3.74
5.84	5.84
3.77	3.77
3.60	3.60
3.59	3.59
5.35	5.35
3.57	3.57
4.00	4.00
5.08	5.08
4.01	4.01
5.07	5.07
5.07	5.07
5.07	5.07
5.06	5.06
8.43	8.43
4.53	4.53
8.20	8.20
3.13	3.13
4.52	4.52
4.52	4.52
4.52	4.52
3.75	3.75
2.45	2.45
11.57	11.57
3.75	3.75
11.59	11.59
13.03	13.03
3.74	3.74
2.47	2.47
3.77	3.77
3.60	3.60
2.83	2.83
3.59	3.59
3.59	3.59
5.84	5.84
3.58	3.58
5.99	5.99
5.83	5.83
3.57	3.57
4.01	4.01
4.03	4.03
3.02	3.02
4.05	4.05
4.48	4.48
4.49	4.49
4.01	4.01
4.05	4.05
4.58	4.58
3.06	3.06
8.20	8.20
8.20	8.20
4.95	4.95
8.18	8.18
6.21	6.21
8.18	8.18
8.29	8.29
4.94	4.94
6.16	6.16
5.51	5.51
3.26	3.26
11.60	11.60
11.60	11.60
12.91	12.91
11.60	11.60
11.55	11.55
10.89	10.89
10.94	10.94
11.52	11.52
5.65	5.65
5.85	5.85
14.68	14.68
5.85	5.85
5.85	5.85
5.85	5.85
19.43	19.43
5.83	5.83
14.65	14.65
4.98	4.98
4.49	4.49
15.63	15.63
3.55	3.55
4.49	4.49
4.49	4.49
15.61	15.61
4.49	4.49
4.48	4.48
18.89	18.89
4.46	4.46
12.11	12.11
4.89	4.89
12.10	12.10
4.97	4.97
4.94	4.94
4.90	4.90
4.92	4.92
4.93	4.93
14.66	14.66
9.53	9.53
7.59	7.59
10.93	10.93
10.18	10.18
10.93	10.93
10.93	10.93
10.92	10.92
10.91	10.91
10.90	10.90
4.75	4.75
4.74	4.74
5.94	5.94
14.71	14.71
14.69	14.69
9.50	9.50
14.70	14.70
14.66	14.66
14.71	14.71
14.71	14.71
15.63	15.63
4.19	4.19
4.47	4.47
6.44	6.44
15.60	15.60
7.10	7.10
15.61	15.61
4.46	4.46
15.60	15.60
15.59	15.59
15.59	15.59
5.03	5.03
12.11	12.11
9.02	9.02
12.10	12.10
12.11	12.11
12.09	12.09
8.85	8.85
9.02	9.02
12.07	12.07
7.46	7.46
7.59	7.59
7.59	7.59
7.59	7.59
7.58	7.58
15.10	15.10
15.08	15.08
19.67	19.67
7.56	7.56
7.39	7.39
7.56	7.56
4.75	4.75
13.20	13.20
4.75	4.75
4.74	4.74
4.74	4.74
4.74	4.74
4.73	4.73
13.19	13.19
13.19	13.19
4.73	4.73
13.16	13.16
7.46	7.46
4.48	4.48
4.47	4.47
7.43	7.43
4.46	4.46
4.47	4.47
4.47	4.47
7.39	7.39
7.37	7.37
4.47	4.47
4.99	4.99
4.98	4.98
4.50	4.50
4.99	4.99
4.51	4.51
3.82	3.82
5.03	5.03
4.49	4.49
4.99	4.99
4.49	4.49
4.45	4.45
3.89	3.89
5.06	5.06
15.04	15.04
5.91	5.91
15.05	15.05
15.05	15.05
15.06	15.06
15.08	15.08
8.66	8.66
15.08	15.08
14.08	14.08
11.46	11.46
13.20	13.20
6.45	6.45
13.20	13.20
13.20	13.20
6.43	6.43
13.19	13.19
13.19	13.19
13.19	13.19
6.40	6.40
10.78	10.78
5.64	5.64
6.59	6.59
9.65	9.65
7.44	7.44
6.58	6.58
5.64	5.64
7.43	7.43
7.42	7.42
7.41	7.41
7.41	7.41
7.39	7.39
5.64	5.64
8.15	8.15
12.57	12.57
8.16	8.16
4.47	4.47
4.50	4.50
8.16	8.16
4.50	4.50
4.50	4.50
4.50	4.50
4.49	4.49
6.16	6.16
5.90	5.90
6.16	6.16
5.91	5.91
9.94	9.94
5.90	5.90
6.15	6.15
5.91	5.91
5.91	5.91
5.90	5.90
5.91	5.91
6.48	6.48
5.32	5.32
4.65	4.65
4.65	4.65
6.43	6.43
6.42	6.42
5.31	5.31
8.57	8.57
6.40	6.40
6.41	6.41
5.64	5.64
5.64	5.64
5.64	5.64
5.63	5.63
5.58	5.58
5.63	5.63
5.59	5.59
5.59	5.59
2.89	2.89
5.63	5.63
9.53	9.53
8.16	8.16
8.16	8.16
8.16	8.16
6.90	6.90
8.18	8.18
3.67	3.67
6.92	6.92
6.90	6.90
8.19	8.19
6.92	6.92
5.96	5.96
13.05	13.05
6.16	6.16
13.05	13.05
6.16	6.16
6.16	6.16
6.16	6.16
6.16	6.16
13.02	13.02
3.73	3.73
13.02	13.02
7.02	7.02
4.66	4.66
4.65	4.65
4.66	4.66
4.66	4.66
7.03	7.03
4.65	4.65
4.64	4.64
7.04	7.04
2.62	2.62
5.58	5.58
6.98	6.98
6.95	6.95
5.58	5.58
5.59	5.59
5.59	5.59
6.97	6.97
6.94	6.94
2.90	2.90
5.92	5.92
6.91	6.91
6.91	6.91
5.91	5.91
6.91	6.91
6.92	6.92
6.91	6.91
6.92	6.92
5.84	5.84
6.14	6.14
11.66	11.66
13.04	13.04
13.06	13.06
11.66	11.66
13.06	13.06
13.06	13.06
11.68	11.68
13.06	13.06
13.07	13.07
12.98	12.98
13.06	13.06
13.04	13.04
6.85	6.85
13.06	13.06
7.02	7.02
13.07	13.07
6.84	6.84
7.03	7.03
7.04	7.04
15.39	15.39
6.96	6.96
6.96	6.96
6.96	6.96
15.40	15.40
6.96	6.96
15.39	15.39
6.96	6.96
5.92	5.92
16.68	16.68
5.88	5.88
5.87	5.87
4.73	4.73
5.87	5.87
16.67	16.67
16.66	16.66
5.85	5.85
16.68	16.68
11.66	11.66
11.66	11.66
17.35	17.35
11.67	11.67
11.62	11.62
17.35	17.35
9.36	9.36
17.35	17.35
11.66	11.66
11.72	11.72
17.37	17.37
13.04	13.04
13.05	13.05
13.05	13.05
12.28	12.28
13.08	13.08
12.25	12.25
12.25	12.25
12.54	12.54
13.05	13.05
13.07	13.07
12.24	12.24
15.39	15.39
10.80	10.80
15.39	15.39
15.39	15.39
15.40	15.40
15.39	15.39
10.78	10.78
13.20	13.20
10.77	10.77
10.77	10.77
8.02	8.02
16.68	16.68
16.68	16.68
8.01	8.01
16.68	16.68
16.68	16.68
16.68	16.68
12.95	12.95
16.68	16.68
8.02	8.02
16.91	16.91
11.30	11.30
16.91	16.91
16.93	16.93
17.34	17.34
17.34	17.34
17.35	17.35
13.33	13.33
16.96	16.96
16.49	16.49
16.49	16.49
12.33	12.33
16.50	16.50
16.49	16.49
12.29	12.29
12.28	12.28
12.27	12.27
11.84	11.84
13.83	13.83
10.81	10.81
10.80	10.80
10.80	10.80
16.85	16.85
10.79	10.79
13.82	13.82
10.79	10.79
13.85	13.85
10.78	10.78
10.75	10.75
8.02	8.02
10.60	10.60
8.03	8.03
10.59	10.59
8.02	8.02
8.01	8.01
8.02	8.02
10.54	10.54
10.71	10.71
8.02	8.02
11.30	11.30
9.40	9.40
16.94	16.94
8.21	8.21
16.94	16.94
16.95	16.95
16.95	16.95
16.97	16.97
8.20	8.20
16.96	16.96
8.18	8.18
8.33	8.33
16.49	16.49
8.35	8.35
8.93	8.93
8.94	8.94
16.50	16.50
16.49	16.49
16.49	16.49
16.50	16.50
8.94	8.94
16.49	16.49
5.47	5.47
13.82	13.82
9.01	9.01
13.83	13.83
13.83	13.83
5.47	5.47
9.00	9.00
3.38	3.38
13.81	13.81
13.85	13.85
13.82	13.82
8.99	8.99
3.43	3.43
10.61	10.61
8.44	8.44
10.60	10.60
10.59	10.59
10.59	10.59
10.58	10.58
3.16	3.16
8.43	8.43
10.52	10.52
8.22	8.22
8.42	8.42
8.22	8.22
8.21	8.21
11.51	11.51
8.21	8.21
8.42	8.42
2.52	2.52
8.43	8.43
8.17	8.17
35.27	35.27
8.94	8.94
14.22	14.22
8.94	8.94
8.93	8.93
8.93	8.93
3.18	3.18
14.26	14.26
14.31	14.31
57.11	57.11
9.01	9.01
9.01	9.01
19.46	19.46
9.01	9.01
9.00	9.00
9.01	9.01
9.00	9.00
3.39	3.39
19.53	19.53
8.45	8.45
8.21	8.21
8.44	8.44
8.21	8.21
8.44	8.44
8.19	8.19
8.43	8.43
8.43	8.43
8.17	8.17
8.43	8.43
3.42	3.42
8.41	8.41
8.42	8.42
8.41	8.41
14.18	14.18
8.42	8.42
14.16	14.16
8.41	8.41
8.43	8.43
14.14	14.14
14.16	14.16
2.93	2.93
14.20	14.20
14.21	14.21
14.22	14.22
8.65	8.65
14.24	14.24
8.64	8.64
14.27	14.27
8.64	8.64
2.86	2.86
19.49	19.49
19.42	19.42
19.46	19.46
8.91	8.91
19.46	19.46
19.42	19.42
19.40	19.40
8.90	8.90
6.88	6.88
8.92	8.92
8.90	8.90
3.43	3.43
8.21	8.21
8.25	8.25
8.24	8.24
8.20	8.20
8.19	8.19
8.23	8.23
8.19	8.19
8.20	8.20
8.20	8.20
8.20	8.20
12.92	12.92
14.17	14.17
14.16	14.16
5.48	5.48
14.19	14.19
14.20	14.20
14.19	14.19
12.99	12.99
14.13	14.13
12.99	12.99
13.02	13.02
8.65	8.65
8.65	8.65
14.63	14.63
8.65	8.65
8.65	8.65
5.72	5.72
14.68	14.68
11.65	11.65
8.64	8.64
14.67	14.67
14.72	14.72
8.64	8.64
8.90	8.90
8.91	8.91
14.23	14.23
8.90	8.90
14.22	14.22
8.91	8.91
14.18	14.18
14.23	14.23
11.45	11.45
8.25	8.25
8.24	8.24
11.45	11.45
11.44	11.44
5.14	5.14
8.23	8.23
8.23	8.23
8.23	8.23
11.35	11.35
10.91	10.91
10.90	10.90
12.92	12.92
12.94	12.94
12.97	12.97
12.96	12.96
12.98	12.98
10.89	10.89
13.00	13.00
8.74	8.74
14.63	14.63
8.74	8.74
14.66	14.66
14.68	14.68
8.73	8.73
14.69	14.69
11.63	11.63
14.25	14.25
14.24	14.24
6.85	6.85
6.84	6.84
14.21	14.21
14.22	14.22
14.20	14.20
14.21	14.21
6.84	6.84
3.73	3.73
6.84	6.84
11.19	11.19
11.45	11.45
11.46	11.46
11.45	11.45
4.67	4.67
11.43	11.43
11.43	11.43
11.41	11.41
4.68	4.68
4.79	4.79
4.60	4.60
9.24	9.24
10.90	10.90
10.89	10.89
10.90	10.90
15.15	15.15
10.89	10.89
15.17	15.17
10.90	10.90
10.87	10.87
15.15	15.15
15.15	15.15
6.78	6.78
12.60	12.60
8.73	8.73
12.58	12.58
8.74	8.74
8.74	8.74
8.74	8.74
12.58	12.58
8.75	8.75
4.51	4.51
8.74	8.74
12.54	12.54
6.85	6.85
12.35	12.35
3.73	3.73
6.85	6.85
13.18	13.18
6.85	6.85
6.84	6.84
12.32	12.32
12.32	12.32
6.84	6.84
7.70	7.70
4.58	4.58
4.67	4.67
7.69	7.69
4.67	4.67
4.74	4.74
4.73	4.73
7.63	7.63
10.24	10.24
30.44	30.44
15.12	15.12
15.13	15.13
15.15	15.15
15.16	15.16
12.68	12.68
15.16	15.16
15.16	15.16
12.71	12.71
12.57	12.57
12.58	12.58
12.57	12.57
12.57	12.57
53.81	53.81
8.61	8.61
18.26	18.26
12.56	12.56
18.31	18.31
18.32	18.32
9.25	9.25
18.59	18.59
12.35	12.35
18.55	18.55
12.35	12.35
12.35	12.35
12.34	12.34
12.34	12.34
12.32	12.32
18.50	18.50
56.18	56.18
18.15	18.15
7.70	7.70
7.69	7.69
7.68	7.68
18.19	18.19
7.67	7.67
18.25	18.25
57.91	57.91
7.59	7.59
12.68	12.68
21.21	21.21
21.21	21.21
63.24	63.24
12.71	12.71
12.71	12.71
12.72	12.72
12.74	12.74
21.22	21.22
12.73	12.73
7.26	7.26
24.93	24.93
18.22	18.22
10.30	10.30
10.29	10.29
18.23	18.23
18.26	18.26
18.29	18.29
18.28	18.28
8.63	8.63
10.20	10.20
18.60	18.60
18.57	18.57
15.11	15.11
18.60	18.60
18.56	18.56
36.54	36.54
15.09	15.09
15.17	15.17
18.46	18.46
9.23	9.23
10.72	10.72
18.15	18.15
18.15	18.15
10.81	10.81
10.79	10.79
18.20	18.20
18.19	18.19
18.20	18.20
10.81	10.81
18.26	18.26
7.07	7.07
21.20	21.20
21.21	21.21
14.84	14.84
21.22	21.22
21.22	21.22
21.22	21.22
14.79	14.79
14.79	14.79
14.79	14.79
21.21	21.21
10.35	10.35
10.34	10.34
7.25	7.25
10.29	10.29
7.44	7.44
10.28	10.28
7.42	7.42
10.20	10.20
7.40	7.40
6.63	6.63
7.40	7.40
8.78	8.78
15.09	15.09
15.09	15.09
8.81	8.81
15.08	15.08
8.79	8.79
15.18	15.18
15.21	15.21
8.79	8.79
10.72	10.72
10.84	10.84
10.74	10.74
10.74	10.74
10.75	10.75
10.76	10.76
10.79	10.79
7.69	7.69
7.67	7.67
7.66	7.66
11.11	11.11
14.86	14.86
14.84	14.84
14.83	14.83
10.99	10.99
11.14	11.14
14.82	14.82
14.81	14.81
11.15	11.15
14.78	14.78
7.46	7.46
7.45	7.45
13.78	13.78
13.78	13.78
7.44	7.44
7.44	7.44
7.43	7.43
7.42	7.42
13.78	13.78
13.80	13.80
8.77	8.77
8.78	8.78
13.84	13.84
13.83	13.83
13.83	13.83
8.76	8.76
8.79	8.79
8.79	8.79
8.76	8.76
7.46	7.46
13.83	13.83
7.73	7.73
14.08	14.08
12.31	12.31
14.05	14.05
7.71	7.71
14.06	14.06
14.05	14.05
7.69	7.69
7.68	7.68
6.21	6.21
15.52	15.52
11.12	11.12
11.13	11.13
11.12	11.12
15.51	15.51
11.59	11.59
15.53	15.53
15.51	15.51
11.15	11.15
11.16	11.16
11.05	11.05
13.78	13.78
11.14	11.14
11.12	11.12
11.14	11.14
11.13	11.13
13.79	13.79
13.78	13.78
13.78	13.78
11.12	11.12
13.78	13.78
13.77	13.77
13.76	13.76
13.45	13.45
13.81	13.81
13.82	13.82
9.00	9.00
13.80	13.80
8.99	8.99
13.81	13.81
8.98	8.98
13.86	13.86
13.83	13.83
8.97	8.97
14.09	14.09
14.08	14.08
8.99	8.99
14.08	14.08
12.32	12.32
14.08	14.08
14.06	14.06
9.00	9.00
8.97	8.97
14.04	14.04
9.05	9.05
15.52	15.52
19.08	19.08
15.52	15.52
15.52	15.52
15.53	15.53
19.10	19.10
19.12	19.12
15.52	15.52
15.51	15.51
19.12	19.12
15.42	15.42
15.42	15.42
11.14	11.14
11.14	11.14
11.13	11.13
15.41	15.41
11.13	11.13
11.10	11.10
11.13	11.13
15.42	15.42
15.36	15.36
9.00	9.00
15.35	15.35
8.99	8.99
8.99	8.99
8.99	8.99
8.99	8.99
20.81	20.81
8.99	8.99
8.29	8.29
15.34	15.34
8.39	8.39
8.29	8.29
8.29	8.29
8.27	8.27
8.97	8.97
8.99	8.99
8.97	8.97
9.00	9.00
9.01	9.01
9.01	9.01
8.97	8.97
19.07	19.07
19.05	19.05
8.76	8.76
19.07	19.07
8.69	8.69
8.75	8.75
19.11	19.11
19.13	19.13
12.77	12.77
19.10	19.10
11.01	11.01
17.35	17.35
15.42	15.42
10.73	10.73
50.24	50.24
6.63	6.63
15.42	15.42
17.36	17.36
17.34	17.34
15.43	15.43
15.40	15.40
10.75	10.75
15.40	15.40
15.42	15.42
15.38	15.38
44.00	44.00
16.37	16.37
15.38	15.38
16.38	16.38
16.36	16.36
15.38	15.38
8.31	8.31
15.33	15.33
8.30	8.30
8.25	8.25
17.62	17.62
49.99	49.99
8.22	8.22
8.22	8.22
17.61	17.61
17.60	17.60
8.17	8.17
6.39	6.39
42.85	42.85
8.70	8.70
8.71	8.71
15.30	15.30
8.70	8.70
15.30	15.30
8.69	8.69
8.80	8.80
8.85	8.85
7.94	7.94
15.33	15.33
5.87	5.87
17.36	17.36
6.63	6.63
17.36	17.36
17.34	17.34
17.36	17.36
49.13	49.13
8.25	8.25
16.65	16.65
17.36	17.36
6.64	6.64
16.56	16.56
17.30	17.30
16.37	16.37
14.44	14.44
5.92	5.92
32.02	32.02
14.44	14.44
16.37	16.37
6.90	6.90
16.37	16.37
16.37	16.37
14.36	14.36
16.32	16.32
17.63	17.63
11.30	11.30
17.63	17.63
17.62	17.62
11.31	11.31
17.61	17.61
7.38	7.38
11.30	11.30
17.61	17.61
17.60	17.60
15.27	15.27
10.65	10.65
10.64	10.64
15.26	15.26
8.61	8.61
15.30	15.30
15.31	15.31
15.30	15.30
10.64	10.64
15.30	15.30
16.63	16.63
16.64	16.64
7.85	7.85
7.86	7.86
16.64	16.64
16.59	16.59
7.85	7.85
16.60	16.60
7.84	7.84
16.64	16.64
8.20	8.20
14.44	14.44
14.43	14.43
5.91	5.91
14.43	14.43
8.21	8.21
8.21	8.21
14.40	14.40
14.36	14.36
5.95	5.95
5.97	5.97
14.33	14.33
6.74	6.74
6.74	6.74
11.33	11.33
11.30	11.30
11.31	11.31
6.73	6.73
11.31	11.31
11.31	11.31
6.71	6.71
11.32	11.32
12.72	12.72
12.73	12.73
12.74	12.74
10.64	10.64
12.76	12.76
10.65	10.65
10.62	10.62
8.58	8.58
10.64	10.64
7.86	7.86
11.61	11.61
14.20	14.20
7.85	7.85
14.20	14.20
7.86	7.86
7.85	7.85
14.21	14.21
7.85	7.85
14.22	14.22
11.65	11.65
7.85	7.85
6.64	6.64
8.21	8.21
16.82	16.82
16.82	16.82
16.82	16.82
8.21	8.21
16.82	16.82
8.21	8.21
12.90	12.90
12.90	12.90
6.75	6.75
6.75	6.75
12.86	12.86
6.74	6.74
7.26	7.26
12.86	12.86
6.68	6.68
10.73	10.73
12.72	12.72
12.72	12.72
10.72	10.72
12.73	12.73
10.73	10.73
12.74	12.74
12.73	12.73
12.76	12.76
12.78	12.78
10.74	10.74
10.32	10.32
14.20	14.20
14.20	14.20
14.20	14.20
10.32	10.32
14.20	14.20
14.21	14.21
14.23	14.23
10.53	10.53
16.82	16.82
16.82	16.82
16.82	16.82
10.51	10.51
16.82	16.82
10.00	10.00
10.56	10.56
10.51	10.51
16.81	16.81
16.83	16.83
12.82	12.82
12.81	12.81
12.80	12.80
12.89	12.89
12.86	12.86
7.30	7.30
12.87	12.87
12.88	12.88
12.83	12.83
12.83	12.83
12.79	12.79
10.72	10.72
10.73	10.73
11.05	11.05
11.04	11.04
11.06	11.06
11.03	11.03
10.74	10.74
10.74	10.74
10.75	10.75
10.75	10.75
6.27	6.27
10.32	10.32
10.32	10.32
10.32	10.32
6.26	6.26
6.26	6.26
6.26	6.26
10.32	10.32
10.31	10.31
10.31	10.31
10.31	10.31
10.54	10.54
10.55	10.55
10.54	10.54
9.05	9.05
7.83	7.83
7.81	7.81
7.83	7.83
10.56	10.56
10.56	10.56
10.54	10.54
10.51	10.51
12.81	12.81
12.80	12.80
12.80	12.80
12.80	12.80
6.77	6.77
12.79	12.79
5.85	5.85
12.79	12.79
12.79	12.79
11.04	11.04
11.05	11.05
7.07	7.07
11.05	11.05
11.05	11.05
9.19	9.19
11.01	11.01
6.38	6.38
6.38	6.38
6.40	6.40
10.97	10.97
10.96	10.96
13.99	13.99
13.99	13.99
6.27	6.27
13.99	13.99
6.27	6.27
6.27	6.27
6.26	6.26
6.25	6.25
14.70	14.70
6.26	6.26
5.82	5.82
4.55	4.55
7.81	7.81
19.89	19.89
18.58	18.58
18.58	18.58
7.82	7.82
18.57	18.57
4.58	4.58
7.82	7.82
7.83	7.83
7.79	7.79
7.79	7.79
19.21	19.21
5.91	5.91
5.90	5.90
5.89	5.89
19.21	19.21
19.23	19.23
52.41	52.41
5.87	5.87
5.85	5.85
19.20	19.20
19.20	19.20
6.41	6.41
6.43	6.43
19.20	19.20
6.43	6.43
6.42	6.42
6.45	6.45
57.19	57.19
6.47	6.47
59.33	59.33
14.02	14.02
19.64	19.64
19.63	19.63
14.01	14.01
14.01	14.01
14.02	14.02
19.61	19.61
14.02	14.02
18.58	18.58
18.57	18.57
9.01	9.01
9.00	9.00
9.00	9.00
18.56	18.56
18.56	18.56
8.99	8.99
18.58	18.58
18.57	18.57
18.56	18.56
19.22	19.22
19.22	19.22
11.32	11.32
11.33	11.33
11.33	11.33
8.54	8.54
19.26	19.26
19.26	19.26
19.22	19.22
19.20	19.20
10.19	10.19
4.05	4.05
19.19	19.19
19.18	19.18
19.20	19.20
10.12	10.12
19.19	19.19
19.18	19.18
19.68	19.68
19.68	19.68
19.67	19.67
19.64	19.64
6.72	6.72
6.71	6.71
19.66	19.66
6.74	6.74
6.74	6.74
19.56	19.56
19.54	19.54
9.01	9.01
7.50	7.50
9.01	9.01
9.02	9.02
6.72	6.72
7.50	7.50
9.00	9.00
7.47	7.47
8.99	8.99
9.00	9.00
9.17	9.17
9.17	9.17
11.32	11.32
11.32	11.32
9.17	9.17
11.32	11.32
11.33	11.33
11.33	11.33
11.33	11.33
9.19	9.19
11.32	11.32
10.20	10.20
10.20	10.20
9.27	9.27
14.69	14.69
10.20	10.20
14.70	14.70
10.19	10.19
10.20	10.20
14.71	14.71
14.70	14.70
6.72	6.72
6.72	6.72
13.52	13.52
13.45	13.45
6.72	6.72
11.98	11.98
13.43	13.43
6.72	6.72
6.72	6.72
18.33	18.33
7.50	7.50
7.50	7.50
7.50	7.50
18.31	18.31
18.31	18.31
7.50	7.50
7.50	7.50
18.28	18.28
15.49	15.49
15.50	15.50
9.17	9.17
9.17	9.17
9.18	9.18
9.17	9.17
15.50	15.50
9.18	9.18
9.18	9.18
9.20	9.20
14.66	14.66
15.47	15.47
14.67	14.67
14.71	14.71
14.66	14.66
15.47	15.47
15.46	15.46
15.46	15.46
14.73	14.73
14.66	14.66
14.67	14.67
12.23	12.23
13.43	13.43
11.99	11.99
13.43	13.43
12.35	12.35
13.54	13.54
13.52	13.52
12.35	12.35
13.55	13.55
12.33	12.33
12.33	12.33
13.48	13.48
13.48	13.48
18.33	18.33
18.32	18.32
18.32	18.32
10.76	10.76
18.29	18.29
18.28	18.28
18.28	18.28
10.76	10.76
10.00	10.00
10.00	10.00
15.50	15.50
15.50	15.50
14.75	14.75
15.50	15.50
15.50	15.50
10.03	10.03
15.50	15.50
14.69	14.69
10.15	10.15
15.48	15.48
20.45	20.45
15.48	15.48
13.07	13.07
15.47	15.47
15.47	15.47
20.49	20.49
15.45	15.45
11.68	11.68
20.45	20.45
0.16	0.16
20.20	20.20
22.76	22.76
22.77	22.77
12.37	12.37
9.42	9.42
12.36	12.36
12.36	12.36
22.75	22.75
12.35	12.35
12.36	12.36
22.76	22.76
12.34	12.34
9.38	9.38
10.79	10.79
28.02	28.02
10.78	10.78
23.70	23.70
23.70	23.70
23.70	23.70
11.34	11.34
10.75	10.75
10.75	10.75
9.99	9.99
10.00	10.00
10.11	10.11
23.06	23.06
10.04	10.04
10.04	10.04
23.06	23.06
23.06	23.06
23.12	23.12
10.11	10.11
19.94	19.94
20.44	20.44
20.46	20.46
20.46	20.46
19.94	19.94
20.49	20.49
20.48	20.48
19.94	19.94
20.46	20.46
20.45	20.45
13.91	13.91
22.76	22.76
20.90	20.90
21.65	21.65
22.76	22.76
22.77	22.77
22.78	22.78
20.88	20.88
22.78	22.78
22.76	22.76
20.86	20.86
23.69	23.69
11.27	11.27
23.67	23.67
19.53	19.53
11.33	11.33
23.70	23.70
23.71	23.71
33.90	33.90
23.67	23.67
19.53	19.53
23.66	23.66
19.54	19.54
23.09	23.09
23.10	23.10
23.10	23.10
23.09	23.09
23.07	23.07
23.06	23.06
14.23	14.23
23.05	23.05
13.78	13.78
13.82	13.82
3.76	3.76
19.94	19.94
19.92	19.92
19.91	19.91
19.94	19.94
19.94	19.94
3.73	3.73
19.94	19.94
19.93	19.93
3.74	3.74
20.91	20.91
20.91	20.91
4.20	4.20
20.90	20.90
4.18	4.18
4.18	4.18
20.89	20.89
6.94	6.94
20.88	20.88
20.88	20.88
20.86	20.86
4.17	4.17
4.71	4.71
4.70	4.70
19.52	19.52
19.53	19.53
4.72	4.72
2.28	2.28
19.52	19.52
4.72	4.72
19.54	19.54
19.52	19.52
19.53	19.53
19.50	19.50
13.95	13.95
8.40	8.40
13.92	13.92
8.40	8.40
13.91	13.91
13.87	13.87
8.39	8.39
8.42	8.42
13.88	13.88
13.86	13.86
2.44	2.44
13.84	13.84
3.76	3.76
3.76	3.76
11.34	11.34
3.75	3.75
3.76	3.76
11.35	11.35
3.76	3.76
11.36	11.36
12.55	12.55
1.77	1.77
4.20	4.20
8.19	8.19
4.19	4.19
4.20	4.20
6.55	6.55
8.18	8.18
4.20	4.20
4.20	4.20
8.15	8.15
8.15	8.15
4.71	4.71
4.76	4.76
4.72	4.72
44.57	44.57
4.68	4.68
15.74	15.74
4.67	4.67
4.73	4.73
15.79	15.79
15.74	15.74
8.41	8.41
8.40	8.40
59.94	59.94
8.39	8.39
8.40	8.40
19.19	19.19
8.40	8.40
19.18	19.18
8.39	8.39
11.34	11.34
11.34	11.34
11.34	11.34
19.44	19.44
11.35	11.35
66.58	66.58
11.36	11.36
11.35	11.35
19.45	19.45
11.35	11.35
19.43	19.43
20.23	20.23
13.67	13.67
8.17	8.17
8.16	8.16
8.18	8.18
8.18	8.18
8.16	8.16
71.48	71.48
14.74	14.74
8.14	8.14
20.24	20.24
8.15	8.15
15.67	15.67
6.69	6.69
19.72	19.72
19.71	19.71
15.72	15.72
15.74	15.74
6.70	6.70
15.73	15.73
15.74	15.74
64.78	64.78
19.69	19.69
15.78	15.78
19.19	19.19
19.28	19.28
19.20	19.20
19.19	19.19
19.28	19.28
62.01	62.01
19.27	19.27
19.19	19.19
19.18	19.18
19.18	19.18
6.21	6.21
19.87	19.87
19.43	19.43
67.25	67.25
19.43	19.43
19.87	19.87
19.88	19.88
19.44	19.44
19.44	19.44
19.42	19.42
13.51	13.51
20.23	20.23
20.24	20.24
19.42	19.42
20.24	20.24
19.42	19.42
20.23	20.23
63.40	63.40
19.41	19.41
20.23	20.23
20.24	20.24
13.66	13.66
59.49	59.49
3.96	3.96
19.73	19.73
18.87	18.87
18.87	18.87
19.72	19.72
10.79	10.79
19.73	19.73
19.71	19.71
18.88	18.88
19.69	19.69
10.76	10.76
19.28	19.28
19.28	19.28
19.27	19.27
19.27	19.27
19.38	19.38
19.27	19.27
19.27	19.27
19.37	19.37
19.37	19.37
20.83	20.83
12.20	12.20
20.83	20.83
19.88	19.88
7.04	7.04
19.88	19.88
7.03	7.03
19.88	19.88
19.88	19.88
20.83	20.83
19.87	19.87
19.88	19.88
12.21	12.21
30.27	30.27
19.41	19.41
13.60	13.60
19.42	19.42
4.10	4.10
19.41	19.41
13.58	13.58
19.41	19.41
19.41	19.41
18.87	18.87
18.88	18.88
40.90	40.90
18.87	18.87
15.30	15.30
15.25	15.25
18.87	18.87
18.85	18.85
15.28	15.28
18.85	18.85
7.09	7.09
19.38	19.38
7.09	7.09
19.38	19.38
19.38	19.38
19.37	19.37
19.38	19.38
7.67	7.67
7.14	7.14
7.07	7.07
19.38	19.38
20.84	20.84
20.84	20.84
6.62	6.62
20.83	20.83
20.82	20.82
20.83	20.83
20.83	20.83
12.19	12.19
6.67	6.67
13.59	13.59
10.94	10.94
13.56	13.56
10.94	10.94
13.58	13.58
7.00	7.00
13.54	13.54
13.55	13.55
13.58	13.58
10.95	10.95
6.96	6.96
20.20	20.20
30.39	30.39
15.32	15.32
15.32	15.32
12.80	12.80
12.80	12.80
15.25	15.25
15.20	15.20
2.37	2.37
7.09	7.09
9.91	9.91
7.09	7.09
9.90	9.90
7.09	7.09
21.92	21.92
7.09	7.09
9.89	9.89
7.08	7.08
7.07	7.07
2.30	2.30
6.61	6.61
6.60	6.60
5.00	5.00
6.61	6.61
5.02	5.02
6.60	6.60
6.61	6.61
6.60	6.60
2.24	2.24
10.92	10.92
10.93	10.93
4.83	4.83
10.95	10.95
4.83	4.83
10.95	10.95
10.95	10.95
4.82	4.82
10.97	10.97
2.65	2.65
2.13	2.13
12.81	12.81
12.81	12.81
5.24	5.24
5.24	5.24
12.80	12.80
12.79	12.79
5.32	5.32
12.80	12.80
12.80	12.80
9.91	9.91
2.28	2.28
9.91	9.91
9.88	9.88
11.30	11.30
11.30	11.30
9.88	9.88
11.53	11.53
9.87	9.87
5.00	5.00
5.00	5.00
5.00	5.00
5.00	5.00
11.34	11.34
2.12	2.12
10.76	10.76
9.40	9.40
4.99	4.99
9.39	9.39
10.75	10.75
10.75	10.75
5.00	5.00
6.17	6.17
6.16	6.16
6.17	6.17
4.83	4.83
4.83	4.83
4.83	4.83
4.83	4.83
4.83	4.83
4.83	4.83
5.17	5.17
4.61	4.61
5.20	5.20
4.61	4.61
5.24	5.24
2.75	2.75
5.22	5.22
5.21	5.21
11.34	11.34
4.93	4.93
11.33	11.33
4.93	4.93
11.32	11.32
11.31	11.31
11.31	11.31
6.85	6.85
4.91	4.91
7.55	7.55
12.64	12.64
10.76	10.76
10.76	10.76
12.67	12.67
10.74	10.74
12.82	12.82
10.74	10.74
10.73	10.73
9.36	9.36
10.71	10.71
13.64	13.64
6.17	6.17
6.16	6.16
13.64	13.64
13.64	13.64
6.16	6.16
6.16	6.16
6.15	6.15
3.81	3.81
15.06	15.06
6.15	6.15
12.98	12.98
4.61	4.61
9.68	9.68
13.65	13.65
4.60	4.60
4.61	4.61
4.61	4.61
4.59	4.59
2.89	2.89
4.60	4.60
12.17	12.17
4.93	4.93
4.93	4.93
12.16	12.16
12.16	12.16
4.93	4.93
4.92	4.92
4.92	4.92
3.24	3.24
12.17	12.17
12.63	12.63
12.64	12.64
12.64	12.64
12.64	12.64
9.21	9.21
12.66	12.66
9.15	9.15
12.71	12.71
7.59	7.59
13.63	13.63
6.27	6.27
13.64	13.64
13.64	13.64
13.64	13.64
13.64	13.64
6.27	6.27
6.58	6.58
6.27	6.27
13.63	13.63
11.10	11.10
12.98	12.98
12.97	12.97
12.94	12.94
12.96	12.96
6.51	6.51
7.68	7.68
6.52	6.52
12.94	12.94
12.93	12.93
6.52	6.52
12.92	12.92
6.93	6.93
12.15	12.15
5.74	5.74
9.70	9.70
12.16	12.16
12.15	12.15
12.17	12.17
12.17	12.17
9.17	9.17
17.31	17.31
17.32	17.32
17.40	17.40
9.16	9.16
9.17	9.17
9.16	9.16
17.35	17.35
6.11	6.11
9.14	9.14
11.56	11.56
6.26	6.26
6.26	6.26
11.55	11.55
6.27	6.27
11.57	11.57
6.27	6.27
16.80	16.80
6.27	6.27
10.53	10.53
15.74	15.74
6.56	6.56
6.56	6.56
6.56	6.56
10.56	10.56
2.27	2.27
6.55	6.55
6.51	6.51
6.55	6.55
10.53	10.53
5.75	5.75
6.83	6.83
6.82	6.82
9.83	9.83
5.71	5.71
5.73	5.73
6.78	6.78
5.75	5.75
17.29	17.29
17.32	17.32
8.43	8.43
14.37	14.37
17.35	17.35
8.43	8.43
17.35	17.35
17.36	17.36
17.36	17.36
8.43	8.43
12.58	12.58
17.37	17.37
11.56	11.56
10.35	10.35
19.19	19.19
10.35	10.35
11.57	11.57
10.36	10.36
7.19	7.19
11.56	11.56
11.57	11.57
10.81	10.81
11.56	11.56
10.53	10.53
9.12	9.12
10.53	10.53
10.55	10.55
10.55	10.55
10.54	10.54
12.80	12.80
9.10	9.10
10.55	10.55
7.62	7.62
6.83	6.83
6.83	6.83
6.80	6.80
7.49	7.49
7.49	7.49
6.77	6.77
13.52	13.52
7.47	7.47
6.77	6.77
4.57	4.57
4.94	4.94
4.95	4.95
8.42	8.42
8.43	8.43
8.42	8.42
4.94	4.94
8.43	8.43
8.44	8.44
4.94	4.94
5.07	5.07
4.97	4.97
10.35	10.35
10.35	10.35
10.35	10.35
4.96	4.96
4.96	4.96
10.36	10.36
10.35	10.35
10.35	10.35
7.20	7.20
9.11	9.11
5.89	5.89
5.43	5.43
5.43	5.43
9.11	9.11
9.11	9.11
9.10	9.10
9.10	9.10
9.12	9.12
7.50	7.50
7.50	7.50
9.79	9.79
2.56	2.56
9.78	9.78
9.78	9.78
7.49	7.49
9.78	9.78
7.46	7.46
4.96	4.96
9.92	9.92
4.95	4.95
4.95	4.95
4.95	4.95
2.35	2.35
4.97	4.97
9.91	9.91
4.96	4.96
9.90	9.90
9.90	9.90
4.96	4.96
7.06	7.06
4.96	4.96
4.96	4.96
2.13	2.13
4.94	4.94
7.06	7.06
4.95	4.95
7.05	7.05
7.06	7.06
4.94	4.94
5.44	5.44
7.14	7.14
5.44	5.44
5.44	5.44
7.12	7.12
5.44	5.44
5.45	5.45
7.11	7.11
7.13	7.13
5.93	5.93
9.78	9.78
9.78	9.78
9.79	9.79
5.92	5.92
5.78	5.78
9.80	9.80
9.78	9.78
5.90	5.90
5.89	5.89
9.92	9.92
10.44	10.44
10.44	10.44
9.91	9.91
10.45	10.45
9.91	9.91
9.92	9.92
9.91	9.91
10.49	10.49
9.91	9.91
9.93	9.93
7.07	7.07
16.31	16.31
7.07	7.07
7.06	7.06
11.80	11.80
16.30	16.30
7.06	7.06
7.06	7.06
6.37	6.37
7.05	7.05
16.30	16.30
7.12	7.12
19.52	19.52
7.12	7.12
7.11	7.11
7.13	7.13
19.50	19.50
7.69	7.69
19.48	19.48
7.10	7.10
5.82	5.82
19.48	19.48
5.93	5.93
5.93	5.93
12.93	12.93
5.93	5.93
12.91	12.91
5.92	5.92
12.89	12.89
5.91	5.91
12.89	12.89
4.55	4.55
8.22	8.22
8.22	8.22
10.44	10.44
8.21	8.21
10.46	10.46
10.47	10.47
8.19	8.19
10.51	10.51
10.54	10.54
16.25	16.25
16.24	16.24
16.24	16.24
7.67	7.67
16.28	16.28
16.25	16.25
7.67	7.67
16.26	16.26
7.66	7.66
19.52	19.52
19.52	19.52
19.52	19.52
19.52	19.52
11.00	11.00
19.52	19.52
10.99	10.99
19.49	19.49
7.68	7.68
19.50	19.50
11.01	11.01
12.92	12.92
9.53	9.53
18.60	18.60
12.92	12.92
12.91	12.91
12.90	12.90
18.61	18.61
18.60	18.60
12.90	12.90
18.60	18.60
12.87	12.87
8.23	8.23
8.21	8.21
8.20	8.20
8.20	8.20
8.20	8.20
8.19	8.19
8.19	8.19
7.66	7.66
7.66	7.66
7.66	7.66
7.66	7.66
7.66	7.66
7.66	7.66
10.97	10.97
10.99	10.99
10.95	10.95
11.03	11.03
10.96	10.96
11.06	11.06
18.63	18.63
18.62	18.62
18.61	18.61
18.63	18.63
18.63	18.63
18.58	18.58
